%YAML:1.0
CameraMat: !!opencv-matrix
  rows: 3
  cols: 3
  dt: d
  data: [2437.045995152957, 0, 1030.357276896143,
         0, 2442.940955565279, 729.596404934511,
         0, 0, 1]

DistCoeffs: !!opencv-matrix
  rows: 5
  cols: 1
  dt: d
  data: [-0.1832170424487164, 0.02691675026209955, -0.001191374354805736, 0.000804309339521888, 0.3354456739081583]

Camera.width: 2048
Camera.height: 1536

ExtrinsicMat: !!opencv-matrix
  rows: 4
  cols: 4
  dt: d
  data: [-9.99945169e-01, 0.00000000e+00, 1.04717841e-02, -1.04994243e+00,
         0.00000000e+00, -1.00000000e+00,  0.00000000e+00,  2.50000000e-01,
         -1.04717841e-02,  0.00000000e+00,  9.99945169e-01,  1.09953733e-02,
         0, 0, 0, 1]
