const transf = [
    {"a": 0.9999812179196096, "b": -0.005358187141690449, "c": -0.002975506439025485, "d": -5.7058810470863985,"e": 0.005362145851398349, "f": 0.9999847470225313, "g": 0.0013240521712633993, "h": 0.05116078041076603,"i": 0.0029683665343738217, "j": -0.0013399824023169072, "k": 0.9999946966095764, "l": 0.05244443883240603},
    {"a": 0.9999826819969683, "b": -0.005364090551828129, "c": -0.002421206042757657, "d": -5.875774580324252,"e": 0.005367465364147543, "f": 0.9999846296612159, "g": 0.0013895167811420629, "h": 0.056161871113267495,"i": 0.0024137153341631835, "j": -0.0014024884570602012, "k": 0.9999961034946151, "l": 0.05548781022639102},
    {"a": 0.9999838387936407, "b": -0.005369992329480128, "c": -0.0018669049025714477, "d": -6.045666488256845,"e": 0.005372712280503655, "f": 0.9999845083763303, "g": 0.0014549811338481747, "h": 0.06116163097028992,"i": 0.001859062743654967, "j": -0.0014649879624944, "k": 0.9999971988440692, "l": 0.05871889061792579},
    {"a": 0.9999840032893372, "b": -0.005454108003511692, "c": -0.0014986231403216785, "d": -6.2148442957866585,"e": 0.005456396320668973, "f": 0.9999839476864418, "g": 0.0015271243012036067, "h": 0.06398758641460428,"i": 0.0014902699830795728, "j": -0.001535276954026935, "k": 0.9999977110074062, "l": 0.06279040691927731},
    {"a": 0.9999837285396098, "b": -0.0055737584589418245, "c": -0.001214854996097636, "d": -6.383696923220558,"e": 0.005575701952674087, "f": 0.9999831719466459, "g": 0.001602301862999817, "h": 0.06579290371715137,"i": 0.0012059037088902704, "j": -0.0016090494605824775, "k": 0.9999979783759958, "l": 0.06726848135369283},
    {"a": 0.9999831084115391, "b": -0.005667777956295933, "c": -0.0012880934105333154, "d": -6.553604424046254,"e": 0.005669927923507372, "f": 0.9999825286308333, "g": 0.001671631067882907, "h": 0.06801359339798049,"i": 0.0012785964720602124, "j": -0.0016789062281753185, "k": 0.9999977732299901, "l": 0.06929213210544871},
    {"a": 0.9999804913534578, "b": -0.005671631887002304, "c": -0.0026171557530383525, "d": -6.72722307960149,"e": 0.0056761453790695375, "f": 0.9999824106679652, "g": 0.0017203860964421424, "h": 0.07181751080967747,"i": 0.002607352322374289, "j": -0.0017352078905717846, "k": 0.9999950953716942, "l": 0.06210082476393388},
    {"a": 0.9999761079015778, "b": -0.005675475772264033, "c": -0.00394621347256428, "d": -6.900833945399253,"e": 0.005682492418948507, "f": 0.9999822895589482, "g": 0.0017691377427907445, "h": 0.07561856817587925,"i": 0.003936102884986189, "j": -0.0017915198025190697, "k": 0.9999906487317151, "l": 0.054447768716589004},
    {"a": 0.9999764360603236, "b": -0.005687716490535216, "c": -0.0038441130598527154, "d": -7.0770731741764346,"e": 0.0056944262554117124, "f": 0.9999822783960594, "g": 0.0017367796198348496, "h": 0.07872131086781,"i": 0.003834166625919405, "j": -0.0017586287128014528, "k": 0.9999911031560907, "l": 0.05702972861280013},
    {"a": 0.9999789334446507, "b": -0.0057037337479730705, "c": -0.0030984009151741585, "d": -7.254490954621633,"e": 0.0057089210959077675, "f": 0.9999823129329386, "g": 0.0016679452063277152, "h": 0.08150559262336769,"i": 0.003088832598186287, "j": -0.0016855985948159241, "k": 0.999993808916114, "l": 0.06457448018300868},
    {"a": 0.9999802346873315, "b": -0.005729950786994904, "c": -0.002588029877744057, "d": -7.43228211011786,"e": 0.0057341599990094125, "f": 0.9999822442115354, "g": 0.0016219342672284455, "h": 0.08448963577741188,"i": 0.002578690321702048, "j": -0.0016367423865917272, "k": 0.9999953357044146, "l": 0.07057733947264636},
    {"a": 0.9999794987436056, "b": -0.0057850958841582055, "c": -0.0027449513836366422, "d": -7.611150500371097,"e": 0.005789613312399853, "f": 0.9999818941746577, "g": 0.00164064028864772, "h": 0.08804312400099307,"i": 0.0027354104226450767, "j": -0.0016564988605331046, "k": 0.9999948867575997, "l": 0.07151935001566616},
    {"a": 0.9999787351348174, "b": -0.0058402407737633034, "c": -0.0029018728219360776, "d": -7.790019780886721,"e": 0.0058450724733531845, "f": 0.9999815406785234, "g": 0.0016593462529772224, "h": 0.09157682785882192,"i": 0.002892128273688345, "j": -0.0016762726241555323, "k": 0.9999944128364605, "l": 0.07240512413988487},
    {"a": 0.9999766368985427, "b": -0.005865275332028008, "c": -0.003510584333046708, "d": -7.969756541077433,"e": 0.005871340370939475, "f": 0.9999812845841672, "g": 0.0017198382618723224, "h": 0.09426299324983635,"i": 0.0035004313060686618, "j": -0.001740409916636725, "k": 0.9999923589478038, "l": 0.06874384915832821},
    {"a": 0.9999734465059009, "b": -0.005877732542423635, "c": -0.0043079627748809635, "d": -8.149852005926066,"e": 0.00588552228835477, "f": 0.9999810641298633, "g": 0.0017977789351062519, "h": 0.09659556525154762,"i": 0.004297314336106348, "j": -0.0018230858087228716, "k": 0.9999891046644612, "l": 0.06295373910168518},
    {"a": 0.9999698530433024, "b": -0.005895984651102923, "c": -0.005052758607962043, "d": -8.330488736575134,"e": 0.005905485789467721, "f": 0.9999808185929425, "g": 0.001867534144051996, "h": 0.09817210971158823,"i": 0.005041650736293679, "j": -0.0018973168377379543, "k": 0.9999854908680779, "l": 0.057269828386399484},
    {"a": 0.9999668924067364, "b": -0.005940300268424357, "c": -0.005561197994631041, "d": -8.513574359650127,"e": 0.005950950438713008, "f": 0.9999804869521508, "g": 0.001900500938030631, "h": 0.09636446502836517,"i": 0.005549799932476148, "j": -0.0019335324306644973, "k": 0.9999827304374057, "l": 0.05312822248544411},
    {"a": 0.9999636712969792, "b": -0.005984614087691916, "c": -0.006069635943630865, "d": -8.696657733482283,"e": 0.0059964485891343755, "f": 0.9999801519577656, "g": 0.0019334670521662563, "h": 0.09453995694223716,"i": 0.006057944419081826, "j": -0.0019697930717066624, "k": 0.9999797104065011, "l": 0.048800604786904324},
    {"a": 0.9999731633205122, "b": -0.006024645832240882, "c": -0.004168486699479797, "d": -8.879246886002202,"e": 0.006032880426637559, "f": 0.9999798699984068, "g": 0.0019656937011467237, "h": 0.09221959969338986,"i": 0.00415656017947182, "j": -0.0019907889302728863, "k": 0.9999893798270604, "l": 0.06675164179476042},
    {"a": 0.9999809115904973, "b": -0.006062721979969601, "c": -0.0011915774551446412, "d": -9.061539438692279,"e": 0.006065094412778772, "f": 0.9999796119515271, "g": 0.001997576290719708, "h": 0.08967440807456435,"i": 0.0011794424115213142, "j": -0.0020047651899310487, "k": 0.9999972949124067, "l": 0.0956217683608114},
    {"a": 0.9999810677154389, "b": -0.006086339176028898, "c": 0.0009059172841864784, "d": -9.244415884028827,"e": 0.006084525786472396, "f": 0.9999795066429252, "g": 0.001991190630299246, "h": 0.08750428144256116,"i": -0.000918017780440225, "j": -0.001985640855435573, "k": 0.9999976072340117, "l": 0.11785285107663981},
    {"a": 0.9999816094080264, "b": -0.00605515359416231, "c": -0.000340530005072248, "d": -9.429833334724348,"e": 0.006055770044903605, "f": 0.9999799720188235, "g": 0.001839350536479915, "h": 0.08680154867302933,"i": 0.0003293856349318256, "j": -0.0018413788811388096, "k": 0.9999982504129291, "l": 0.11086035968399463},
    {"a": 0.9999805965253658, "b": -0.006023958625407224, "c": -0.001586976765273013, "d": -9.615247442932784,"e": 0.006026635624126118, "f": 0.9999804157986861, "g": 0.001687507671479599, "h": 0.0861117186735881,"i": 0.0015767802092075108, "j": -0.0016970390586755544, "k": 0.9999973169077033, "l": 0.10340558910560443},
    {"a": 0.9999807366686839, "b": -0.005936072386471558, "c": -0.0018136527173899999, "d": -9.801631213611792,"e": 0.005939055733654005, "f": 0.9999810122522872, "g": 0.001644004830933634, "h": 0.08673273396525422,"i": 0.0018038593485296321, "j": -0.0016547445464939626, "k": 0.9999970039514804, "l": 0.10388068899},
    {"a": 0.999981586505464, "b": -0.005828666335262871, "c": -0.0016891710297851344, "d": -9.988349057061042,"e": 0.0058314333302713975, "f": 0.9999816558146969, "g": 0.0016378093332794536, "h": 0.08783732061475298,"i": 0.0016795937991942896, "j": -0.0016476294637298616, "k": 0.9999972321370797, "l": 0.10722690763324441},
    {"a": 0.999982406372781, "b": -0.0057440188736491635, "c": -0.0014809429703801277, "d": -10.175249398751793,"e": 0.005746450764313002, "f": 0.999982139052484, "g": 0.001643131045260955, "h": 0.08836750749308622,"i": 0.0014714783435996015, "j": -0.0016516123024899174, "k": 0.9999975534611505, "l": 0.111303431929426},
    {"a": 0.9999830322936304, "b": -0.0057479128429543756, "c": -0.0009469016770589481, "d": -10.362859923581194,"e": 0.005749510504771831, "f": 0.999982037838414, "g": 0.0016932600179670086, "h": 0.08652251498021214,"i": 0.000937151957654285, "j": -0.0016986755083674527, "k": 0.999998118122092, "l": 0.11817981619766307},
    {"a": 0.9999833730036389, "b": -0.0057518051767992216, "c": -0.0004128601136809146, "d": -10.550465936609468,"e": 0.005752516689720821, "f": 0.9999819344108591, "g": 0.0017433885541974451, "h": 0.08467710130788746,"i": 0.0004028250238085228, "j": -0.0017457345515767679, "k": 0.9999983950701501, "l": 0.12525680299545555},
    {"a": 0.9999840965383632, "b": -0.005637914328095667, "c": -0.00014350046236409768, "d": -10.741270979814376,"e": 0.005638141128722415, "f": 0.9999827730729192, "g": 0.001632458883842599, "h": 0.08685072814477274,"i": 0.0001342943269608532, "j": -0.0016332419979542118, "k": 0.9999986572419035, "l": 0.1310440335312582},
    {"a": 0.9999849928761232, "b": -0.0054784552799846155, "c": 2.3458154566717333e-05, "d": -10.933312768319842,"e": 0.005478415218740358, "f": 0.999983928694858, "g": 0.001459218519712912, "h": 0.09063058563011248,"i": -3.145204096752976e-05, "j": -0.0014590681075288413, "k": 0.9999989350649463, "l": 0.1363388728642688},
    {"a": 0.9999858077632119, "b": -0.005325864409467121, "c": 0.00013942900951800986, "d": -11.125919760289698,"e": 0.005325676150870628, "f": 0.9999849506341678, "g": 0.001317451599543516, "h": 0.09460103106744273,"i": -0.00014644347978504232, "j": -0.0013166903482077286, "k": 0.9999991224400321, "l": 0.14085889651557676},
    {"a": 0.9999864834935277, "b": -0.005198902438657838, "c": 6.514354992497468e-05, "d": -11.320643383768273,"e": 0.005198813865319038, "f": 0.9999856499776847, "g": 0.0012931253231695781, "h": 0.09911393668023626,"i": -7.186544750969608e-05, "j": -0.0012927691754421918, "k": 0.999999161791257, "l": 0.1422522171880738},
    {"a": 0.9999871375860139, "b": -0.005071940354125217, "c": -9.141910027544224e-06, "d": -11.515366304946953,"e": 0.005071947870898851, "f": 0.9999863326534989, "g": 0.0012687990386590759, "h": 0.10367618235958068,"i": 2.7065120364419478e-06, "j": -0.0012688290861316758, "k": 0.9999991950323884, "l": 0.14361676530258558},
    {"a": 0.9999873794776654, "b": -0.004996239336373725, "c": -0.0005277100388499227, "d": -11.710609975420034,"e": 0.00499687242675426, "f": 0.999986789211427, "g": 0.0012052670125197787, "h": 0.10735864144259427,"i": 0.0005216812649253867, "j": -0.0012078887011629789, "k": 0.999999134426397, "l": 0.13970482399846554},
    {"a": 0.9999870066667712, "b": -0.0049434211011677226, "c": -0.001244622612411667, "d": -11.90608341999455,"e": 0.004944821034106354, "f": 0.9999871423414829, "g": 0.0011242315844578734, "h": 0.11065196192055185,"i": 0.0012390490593419256, "j": -0.001130371413015648, "k": 0.9999985935079595, "l": 0.1332091281804893},
    {"a": 0.9999859571673045, "b": -0.00489529828176788, "c": -0.002030153423339453, "d": -12.10178054685918,"e": 0.004897422845888452, "f": 0.9999874637711532, "g": 0.0010428566561040355, "h": 0.11403470829458913,"i": 0.0020250228784747877, "j": -0.0010527845311986098, "k": 0.9999973954601444, "l": 0.1256300893356748},
    {"a": 0.9999832916252596, "b": -0.004867852935797022, "c": -0.00311776812899881, "d": -12.298470914234583,"e": 0.004870867352262984, "f": 0.9999876764607799, "g": 0.000959988440981823, "h": 0.11773292015732126,"i": 0.0031130566245102286, "j": -0.0009751586361266711, "k": 0.9999946789578866, "l": 0.11414603074866513},
    {"a": 0.9999795530913829, "b": -0.004841088354173101, "c": -0.004178188926438341, "d": -12.490233335408325,"e": 0.004844802156391492, "f": 0.9999878773838209, "g": 0.000879191370259547, "h": 0.12135053075969689,"i": 0.004173882032754009, "j": -0.0008994158922345619, "k": 0.9999908848383715, "l": 0.10253786026898444},
    {"a": 0.999976811234543, "b": -0.004922276093099693, "c": -0.004706186487810269, "d": -12.688034530459058,"e": 0.004926063780194006, "f": 0.9999875519866015, "g": 0.0007935789040915997, "h": 0.12476805434139628,"i": 0.004702221690670215, "j": -0.000816743476776962, "k": 0.9999886109557771, "l": 0.0969186652956591},
    {"a": 0.9999749439968549, "b": -0.005058167371546086, "c": -0.004952405610160956, "d": -12.886405016257788,"e": 0.005061727433582179, "f": 0.9999869397411083, "g": 0.0007065851685911285, "h": 0.12798943318367978,"i": 0.004948766904416565, "j": -0.0007316351917301003, "k": 0.9999874871297497, "l": 0.09452496772856511},
    {"a": 0.9999743521371148, "b": -0.005204960489727902, "c": -0.004919700626861929, "d": -13.090585235616993,"e": 0.005208123255204077, "f": 0.9999862390017822, "g": 0.0006302850381033599, "h": 0.13125746151608886,"i": 0.004916352318149775, "j": -0.0006558912798825257, "k": 0.9999876995676061, "l": 0.0957383823680728},
    {"a": 0.9999787130890267, "b": -0.005375943007711084, "c": -0.003697648657163067, "d": -13.288343381583045,"e": 0.005378239717801744, "f": 0.9999853502171276, "g": 0.0006114643623623319, "h": 0.13439427021051503,"i": 0.0036943072898497947, "j": -0.0006313381870453178, "k": 0.9999929767282077, "l": 0.11288196537418027},
    {"a": 0.9999816041550432, "b": -0.005551302787637123, "c": -0.0024442563013585936, "d": -13.49115021999236,"e": 0.005552765770016352, "f": 0.9999844079478746, "g": 0.0005921599803860282, "h": 0.13754085781964778,"i": 0.0024409309310370907, "j": -0.0006057214698261701, "k": 0.9999968374738448, "l": 0.1309675295820299},
    {"a": 0.9999813262848456, "b": -0.0058260489139194335, "c": -0.0018450570869647995, "d": -13.694786211958665,"e": 0.005827104111657128, "f": 0.9999828615109312, "g": 0.0005670468075785272, "h": 0.13881578362930377,"i": 0.0018417218230366488, "j": -0.0005777875584456578, "k": 0.9999981371093969, "l": 0.14023337864243896},
    {"a": 0.9999800030392535, "b": -0.006141001634928233, "c": -0.0015105034042998142, "d": -13.898763145446376,"e": 0.006141822775655373, "f": 0.9999809932504395, "g": 0.0005395839665033625, "h": 0.13924200580908094,"i": 0.0015071611085194201, "j": -0.0005488504206751985, "k": 0.999998713613477, "l": 0.1459157207903085},
    {"a": 0.9999781390812043, "b": -0.006435240423092378, "c": -0.001519552693418502, "d": -14.103575542385173,"e": 0.006436009000230065, "f": 0.9999791629536467, "g": 0.0005014445855380329, "h": 0.13977869826452716,"i": 0.0015162941139617982, "j": -0.0005112134783098334, "k": 0.9999987197556499, "l": 0.14714197071285953},
    {"a": 0.9999723816489581, "b": -0.006617702868066588, "c": -0.0033825948708745327, "d": -14.312877070663168,"e": 0.006619112470422252, "f": 0.9999780111382035, "g": 0.00040569716150854623, "h": 0.141510133483644,"i": 0.003379835708194122, "j": -0.00042807573271411495, "k": 0.9999941967140372, "l": 0.1231944564246688},
    {"a": 0.9999631200766969, "b": -0.0068001398228275944, "c": -0.005245625307523018, "d": -14.522138651579773,"e": 0.006801858920303876, "f": 0.9999768190545795, "g": 0.0003099495323723852, "h": 0.14316961941524392,"i": 0.005243396008810916, "j": -0.0003456181047479508, "k": 0.9999861935779013, "l": 0.09846791893045727},
    {"a": 0.9999526768571516, "b": -0.0069850834032871845, "c": -0.006771458931866486, "d": -14.731593077313741,"e": 0.006987543177569276, "f": 0.9999755291343413, "g": 0.00033966577053170697, "h": 0.1451753026266899,"i": 0.006768920634668246, "j": -0.00038696555814148157, "k": 0.9999770157214106, "l": 0.07778227639512314},
    {"a": 0.999941314975583, "b": -0.007171338898908317, "c": -0.008120252662259348, "d": -14.941145402035023,"e": 0.00717510903828837, "f": 0.9999741638496944, "g": 0.00043525095432765166, "h": 0.14732036350157196,"i": 0.00811692153409149, "j": -0.0004934891098849316, "k": 0.9999669354800227, "l": 0.059024855684335284},
    {"a": 0.9999343826178665, "b": -0.0073624301854262756, "c": -0.008776393358945266, "d": -15.150638211709257,"e": 0.007367497228794906, "f": 0.9999727110213478, "g": 0.0005451579586373287, "h": 0.1483259315060799,"i": 0.008772140172723753, "j": -0.0006097822405500769, "k": 0.9999613381138339, "l": 0.05059938814864325},
    {"a": 0.9999484914096217, "b": -0.007572237137372859, "c": -0.006758383856889526, "d": -15.35993486716259,"e": 0.007577209092187192, "f": 0.9999710402190161, "g": 0.0007103700952344105, "h": 0.14517000147867196,"i": 0.006752809044756813, "j": -0.0007615431926810726, "k": 0.9999769095444008, "l": 0.08453227905238968},
    {"a": 0.9999584837871268, "b": -0.007782018637621151, "c": -0.004740346830585211, "d": -15.569154644420056,"e": 0.007786253582360881, "f": 0.9999693033329149, "g": 0.0008755838258730663, "h": 0.14193820972520332,"i": 0.004733387508084941, "j": -0.0009124570174398402, "k": 0.9999883811649461, "l": 0.11931123593624578},
    {"a": 0.9999623031204811, "b": -0.007853363678205787, "c": -0.003703649135776551, "d": -15.780097620033832,"e": 0.007857358269077698, "f": 0.9999685630973247, "g": 0.0010652408662087348, "h": 0.14051171091461903,"i": 0.003695166980591902, "j": -0.001094301608114899, "k": 0.9999925740949159, "l": 0.13924483742859606},
    {"a": 0.9999641875596674, "b": -0.00785742591967743, "c": -0.0031439554785714146, "d": -15.991895990163226,"e": 0.007861441043268434, "f": 0.9999682960047813, "g": 0.0012667793878278944, "h": 0.1399900882283037,"i": 0.0031339021774255222, "j": -0.0012914500420041033, "k": 0.9999942553904655, "l": 0.15188826843198935},
    {"a": 0.9999655432415305, "b": -0.007853418094150934, "c": -0.0026900100202832534, "d": -16.204093088843283,"e": 0.007857379447418003, "f": 0.9999680568382284, "g": 0.0014652274215212167, "h": 0.13976259968267107,"i": 0.0026784170493137876, "j": -0.0014863133639805726, "k": 0.9999953084663418, "l": 0.16326770609529223},
    {"a": 0.9999656520146941, "b": -0.007807861692062235, "c": -0.002780662983080035, "d": -16.41838803433675,"e": 0.007812463016731776, "f": 0.9999681246490045, "g": 0.0016477583455736969, "h": 0.1410443494150678,"i": 0.002767708879207268, "j": -0.001669425575111563, "k": 0.9999947763892616, "l": 0.16699188631632958},
    {"a": 0.9999657504946592, "b": -0.0077623052325710784, "c": -0.002871315923025268, "d": -16.632683711131364,"e": 0.0077675794304831415, "f": 0.9999681568687917, "g": 0.0018302891091608764, "h": 0.14234691458458298,"i": 0.0028570172286064327, "j": -0.0018525295971663664, "k": 0.9999942027765198, "l": 0.17067671670664147},
    {"a": 0.9999677614329063, "b": -0.007767648786066622, "c": -0.0020346319566427826, "d": -16.847432275168625,"e": 0.007772009623684165, "f": 0.9999674985224433, "g": 0.002144239999908808, "h": 0.14324305867577675,"i": 0.00201791012486558, "j": -0.0021599840518313888, "k": 0.9999956312442692, "l": 0.18923617070587},
    {"a": 0.999969311280778, "b": -0.007796581169889465, "c": -0.0007679965542069973, "d": -17.062358477416925,"e": 0.0077984933484339545, "f": 0.9999664182024426, "g": 0.00251912065445556, "h": 0.14395118952639013,"i": 0.0007483302348429814, "j": -0.002525032561888713, "k": 0.9999965321001971, "l": 0.2151622063202744},
    {"a": 0.9999695531865652, "b": -0.007802302197955734, "c": 0.000129538693364297, "d": -17.278014467682205,"e": 0.007801898693951814, "f": 0.9999654523495044, "g": 0.0028678361564944688, "h": 0.14506631086559021,"i": -0.00015190994245398672, "j": -0.0028667381922594755, "k": 0.9999958793592634, "l": 0.23553076168103246},
    {"a": 0.9999700675970769, "b": -0.0076896296040605975, "c": -0.0008564499111179182, "d": -17.497574712053584,"e": 0.007692236275749365, "f": 0.9999656615751282, "g": 0.0030830458469971113, "h": 0.14824357019526357,"i": 0.0008327130213612435, "j": -0.0030895415791012512, "k": 0.9999948806478238, "l": 0.2247368383452142},
    {"a": 0.9999695971666998, "b": -0.007576949627176985, "c": -0.0018424376829820925, "d": -17.717129840267507,"e": 0.007582997934069935, "f": 0.9999658092534226, "g": 0.003298252033979904, "h": 0.15146418974615922,"i": 0.001817383999142989, "j": -0.0033121229589168385, "k": 0.9999928634529873, "l": 0.21350865459103988},
    {"a": 0.9999682386547867, "b": -0.007597420344913382, "c": -0.0024085028018484963, "d": -17.937081554642305,"e": 0.00760588461188729, "f": 0.9999648623020433, "g": 0.003524866029597679, "h": 0.15024403496742506,"i": 0.0023816382837181568, "j": -0.003543072869509149, "k": 0.9999908871753418, "l": 0.20997237578796382},
    {"a": 0.9999666525895222, "b": -0.007684655481519758, "c": -0.0027640150209026, "d": -18.15723574111467,"e": 0.007695015286552134, "f": 0.9999633344199826, "g": 0.0037572004750008863, "h": 0.1467505179646097,"i": 0.0027350408854632984, "j": -0.0037783443199325053, "k": 0.9999891217736093, "l": 0.2103092243994574},
    {"a": 0.9999659748344806, "b": -0.007751379868328677, "c": -0.0028222833776445824, "d": -18.37786803135476,"e": 0.007762664422684244, "f": 0.9999618312588004, "g": 0.004009621753606694, "h": 0.14440882848815945,"i": 0.00279109555330023, "j": -0.004031393764329233, "k": 0.9999879787527094, "l": 0.21540563357002124},
    {"a": 0.9999694142573612, "b": -0.007709999295400744, "c": -0.0013139484978566332, "d": -18.60097988222938,"e": 0.0077156714459622, "f": 0.9999606941137393, "g": 0.004367910450875182, "h": 0.14835148710861248,"i": 0.0012802202654478025, "j": -0.004377914849996639, "k": 0.999989597394712, "l": 0.24672622394804092},
    {"a": 0.9999705769528473, "b": -0.0076686010042409354, "c": 0.00019438937127431224, "d": -18.824038068068187,"e": 0.007667596808244237, "f": 0.9999594347205324, "g": 0.0047261900702175764, "h": 0.15233829478126812,"i": -0.00023062475173384495, "j": -0.004724560511981548, "k": 0.9999888126075175, "l": 0.27871745681993865},
    {"a": 0.9999699251638995, "b": -0.007674336432605178, "c": 0.001119521337079068, "d": -19.04913220183021,"e": 0.007668717422506544, "f": 0.9999583931398638, "g": 0.0049399152052398984, "h": 0.1533703101849251,"i": -0.0011573853285449297, "j": -0.004931181345317225, "k": 0.9999871718725898, "l": 0.3001382939435164},
    {"a": 0.9999687692828253, "b": -0.007702180899954194, "c": 0.0017711206553651777, "d": -19.275187018317517,"e": 0.007693085978223928, "f": 0.9999574744076707, "g": 0.005085843525323346, "h": 0.15299731116184295,"i": -0.0018102174242711228, "j": -0.00507205930730308, "k": 0.9999854985584841, "l": 0.31664183438706656},
    {"a": 0.999966978250628, "b": -0.007743226851077728, "c": 0.0024667481105431154, "d": -19.501602310021074,"e": 0.007730265546650052, "f": 0.9999564895050679, "g": 0.00522131126053179, "h": 0.15204588846361378,"i": -0.0025070705786623374, "j": -0.005202070225768756, "k": 0.9999833263922353, "l": 0.3346095933545682},
    {"a": 0.9999633714038182, "b": -0.00785518071997912, "c": 0.0033988213494849573, "d": -19.730003454885725,"e": 0.007837100353945888, "f": 0.999955240680043, "g": 0.005300612658826398, "h": 0.14799299891624626,"i": -0.0034403064909143905, "j": -0.0052737816008247545, "k": 0.9999801755629334, "l": 0.35922824541385534},
    {"a": 0.9999588832875571, "b": -0.007967126956582719, "c": 0.0043308916356395895, "d": -19.958374767753735,"e": 0.007943787092270347, "f": 0.9999539753542089, "g": 0.0053799089162299245, "h": 0.14389508172784649,"i": -0.004373554725236555, "j": -0.005345284030988832, "k": 0.9999761496944283, "l": 0.3842738695178622},
    {"a": 0.9999590201457075, "b": -0.008007888220170628, "c": 0.00422276633146546, "d": -20.188644172831285,"e": 0.007984409916258014, "f": 0.9999527345131799, "g": 0.005547786757203092, "h": 0.14311805344654135,"i": -0.004266992796580101, "j": -0.0055138431123391415, "k": 0.9999756948579334, "l": 0.38807196304081637},
    {"a": 0.9999608426128849, "b": -0.008022667618243247, "c": 0.0037349759324432482, "d": -20.41961406653225,"e": 0.008001122951896584, "f": 0.9999514701038318, "g": 0.005747996928831027, "h": 0.14355509885399503,"i": -0.0037809089432797507, "j": -0.005717887850632296, "k": 0.9999765049670366, "l": 0.38382085608596866},
    {"a": 0.999962536414785, "b": -0.008020966645698154, "c": 0.0032542066588030945, "d": -20.6505985181896,"e": 0.00800151304980586, "f": 0.9999502996916003, "g": 0.005947599145238815, "h": 0.1447727073327034,"i": -0.003301750418094499, "j": -0.005921337749804235, "k": 0.9999770178376248, "l": 0.37945017368402156},
    {"a": 0.9999645939649551, "b": -0.007931598566743225, "c": 0.0028107936028548427, "d": -20.881657090426064,"e": 0.007914211234561526, "f": 0.9999498071821881, "g": 0.006143970771338883, "h": 0.1502134087343403,"i": -0.002859384030967692, "j": -0.006121508023384692, "k": 0.9999771752707571, "l": 0.3754273953497112},
    {"a": 0.9999664469180388, "b": -0.007842228642139659, "c": 0.002367379994256941, "d": -21.11271536402072,"e": 0.007827083408665449, "f": 0.9999492671309442, "g": 0.006340341441992888, "h": 0.15569251480435845,"i": -0.0024169822975350294, "j": -0.006321599023321769, "k": 0.9999770975289192, "l": 0.3711973995823924},
    {"a": 0.9999673895283554, "b": -0.007746397474110497, "c": 0.0022832446253591965, "d": -21.34384674466151,"e": 0.0077314063918584594, "f": 0.9999489670259689, "g": 0.006502976157224124, "h": 0.1615160243392503,"i": -0.0023335027426740463, "j": -0.006485111400013865, "k": 0.999976248765479, "l": 0.3737843595188375},
    {"a": 0.9999679378138568, "b": -0.00764740385264983, "c": 0.0023749860246482252, "d": -21.57501246313424,"e": 0.007631465275959728, "f": 0.9999487738158849, "g": 0.0066490963183272345, "h": 0.16753562734972363,"i": -0.0024257126879782707, "j": -0.006630758510385399, "k": 0.9999750741691178, "l": 0.3798095387029438},
    {"a": 0.9999684571685902, "b": -0.007551401278128151, "c": 0.0024619111694476185, "d": -21.80614861283573,"e": 0.007534590003045281, "f": 0.9999487123199513, "g": 0.006767767959777279, "h": 0.17320722361838228,"i": -0.002512891035356788, "j": -0.006749004993927797, "k": 0.9999740678188792, "l": 0.38548170479680544},
    {"a": 0.9999689072125109, "b": -0.007470945290517339, "c": 0.0025238036142107385, "d": -22.037139706018323,"e": 0.007453779652817351, "f": 0.9999494800549531, "g": 0.006743775405251316, "h": 0.17686309061136418,"i": -0.0025740584888950084, "j": -0.006724753846448455, "k": 0.9999740756182636, "l": 0.38914280335010737},
    {"a": 0.9999693469524806, "b": -0.007390489251060682, "c": 0.002585696049305927, "d": -22.268129980005895,"e": 0.00737297219336239, "f": 0.999950240661891, "g": 0.006719782828505317, "h": 0.1805561489708995,"i": -0.0026352298695454936, "j": -0.006700512581610935, "k": 0.9999740790113903, "l": 0.3928324207030873},
    {"a": 0.9999715688097479, "b": -0.007278037171473246, "c": 0.001972751150556609, "d": -22.501399147019505,"e": 0.007264888082648333, "f": 0.9999518788516348, "g": 0.00659252472363127, "h": 0.18371562146463563,"i": -0.0020206368594982505, "j": -0.006578005473982903, "k": 0.9999763231550366, "l": 0.3802972440635962},
    {"a": 0.9999739245980221, "b": -0.0071493777464661425, "c": 0.0010180971796645067, "d": -22.735805936220906,"e": 0.007142705571493192, "f": 0.9999539267131694, "g": 0.006412971856492283, "h": 0.18664626126476644,"i": -0.0010638990308606462, "j": -0.006405532667275742, "k": 0.9999789184128336, "l": 0.3591654021510556},
    {"a": 0.9999751690493278, "b": -0.007040319437920102, "c": 0.00030852387328928637, "d": -22.970538415814882,"e": 0.007038255387318179, "f": 0.9999557231510889, "g": 0.006246174708230316, "h": 0.18921259696495402,"i": -0.00035248527803536213, "j": -0.0062438481399609514, "k": 0.9999804448660654, "l": 0.34360000053592565},
    {"a": 0.9999748057930653, "b": -0.00703756028321497, "c": 0.0009276445343520302, "d": -23.207131992148824,"e": 0.007031726741203692, "f": 0.999956374046726, "g": 0.0061485626256717685, "h": 0.18947867635419766,"i": -0.0009708749451082069, "j": -0.006141884774634089, "k": 0.9999806671397486, "l": 0.36061434225011957},
    {"a": 0.9999740592282992, "b": -0.007034798434051393, "c": 0.0015467648398388475, "d": -23.443713234777142,"e": 0.007025318888185482, "f": 0.9999570145360838, "g": 0.006050948239839965, "h": 0.1897445149767699,"i": -0.0015892655526367901, "j": -0.006039924757328203, "k": 0.9999804965817726, "l": 0.37792181683065434},
    {"a": 0.9999742121428393, "b": -0.006942209678203356, "c": 0.0018386881441932652, "d": -23.68228905618851,"e": 0.006931125516208777, "f": 0.9999581728389052, "g": 0.005967585085835113, "h": 0.19227330585585561,"i": -0.0018800394640264414, "j": -0.005954687016290758, "k": 0.9999805033870168, "l": 0.3893153391375618},
    {"a": 0.9999748673840816, "b": -0.006807974319571126, "c": 0.001978910268818012, "d": -23.92179138353611,"e": 0.006796212346920356, "f": 0.9999595539922278, "g": 0.005890829941524447, "h": 0.1959047439062285,"i": -0.0020189348487607583, "j": -0.0058772327951556996, "k": 0.9999806908319518, "l": 0.3979341232750949},
    {"a": 0.9999753429994706, "b": -0.006689955728052486, "c": 0.002134920478301233, "d": -24.162126867664167,"e": 0.006677437946518172, "f": 0.9999607830327835, "g": 0.005817578442412515, "h": 0.19965183006678489,"i": -0.002173756095419037, "j": -0.00580317919936317, "k": 0.9999807987634655, "l": 0.4071200411917637},
    {"a": 0.9999751080596627, "b": -0.00664767684107292, "c": 0.002364667774272837, "d": -24.40636164922633,"e": 0.006633963264788979, "f": 0.9999614017418758, "g": 0.005760690741970132, "h": 0.2036808511950987,"i": -0.002402871712649685, "j": -0.005744860228051924, "k": 0.9999806112062838, "l": 0.41873408348759983},
    {"a": 0.9999748106125834, "b": -0.006604340653158494, "c": 0.0026001586230023858, "d": -24.656697760839474,"e": 0.006589428778767698, "f": 0.9999620304212101, "g": 0.005702380578324833, "h": 0.20783133260048117,"i": -0.002637720359947896, "j": -0.005685103378791477, "k": 0.9999803608225888, "l": 0.43075531930142863},
    {"a": 0.9999755654925928, "b": -0.006607159898994732, "c": 0.0022833869226707815, "d": -24.89537533454873,"e": 0.0065941369312550804, "f": 0.9999622142130495, "g": 0.005664583326912268, "h": 0.21104694020287842,"i": -0.002320727450901084, "j": -0.005649387949573879, "k": 0.9999813491460199, "l": 0.42813991838254056},
    {"a": 0.9999764981081251, "b": -0.006626252190306649, "c": 0.0017595491814666397, "d": -25.14037609058742,"e": 0.006616247210269664, "f": 0.9999622504346595, "g": 0.0056323155544066115, "h": 0.21406213579036118,"i": -0.0017968039025287286, "j": -0.005620541571972233, "k": 0.9999825903525391, "l": 0.4200425669853785},
    {"a": 0.999976991676125, "b": -0.006636286393545134, "c": 0.001405639096720939, "d": -25.38566839931795,"e": 0.006628374049677241, "f": 0.9999625704567227, "g": 0.005560786189185571, "h": 0.2176876269976855,"i": -0.0014424894540162414, "j": -0.005551341143104012, "k": 0.9999835507825557, "l": 0.415859751161463},
    {"a": 0.9999765005865958, "b": -0.006604383803990882, "c": 0.0018385834643030534, "d": -25.63231226024323,"e": 0.006594543930804795, "f": 0.9999641707788802, "g": 0.005307461620273108, "h": 0.22418785279818673,"i": -0.001873570102854799, "j": -0.005295212278612569, "k": 0.9999842251065733, "l": 0.43101241621967273},
    {"a": 0.999975821042316, "b": -0.006572480020564512, "c": 0.002271527487258658, "d": -25.878947339533063,"e": 0.006560932640466491, "f": 0.999965704347392, "g": 0.005054136119215021, "h": 0.23069724220611415,"i": -0.00230466779240582, "j": -0.005039110576636794, "k": 0.9999846478176369, "l": 0.44638196094194627},
    {"a": 0.9999750729125441, "b": -0.006645611176453693, "c": 0.002385247501585355, "d": -26.126063163035536,"e": 0.006634007352490808, "f": 0.9999662805772187, "g": 0.004840212289823258, "h": 0.23196121627588237,"i": -0.0024173332413060687, "j": -0.004824267887965176, "k": 0.999985441363696, "l": 0.45422091471474074},
    {"a": 0.9999743389627147, "b": -0.00677297734516667, "c": 0.0023341366634550575, "d": -26.373430730024086,"e": 0.006762077017619674, "f": 0.9999663409890491, "g": 0.004646633553489454, "h": 0.23045998432786338,"i": -0.0023655296425126172, "j": -0.004630730704164654, "k": 0.9999864802099356, "l": 0.45807520678670544},
    {"a": 0.9999733028868086, "b": -0.006898326368327089, "c": 0.0024096902214096085, "d": -26.62123310040713,"e": 0.006887473580153021, "f": 0.9999662301537069, "g": 0.004483442858635034, "h": 0.22894219477060712,"i": -0.0024405370986338272, "j": -0.004466726485917239, "k": 0.999987045982682, "l": 0.46561077515355326},
    {"a": 0.9999704380516172, "b": -0.0070130421153218134, "c": 0.0031528182861394593, "d": -26.871309716366742,"e": 0.006998880939038365, "f": 0.99996547020072, "g": 0.004480409786387782, "h": 0.2276180312099249,"i": -0.0031841307224827102, "j": -0.00445821113693783, "k": 0.999984992719891, "l": 0.4928880164045172},
    {"a": 0.9999670078295805, "b": -0.007127753359474065, "c": 0.003895944609745615, "d": -27.12136038013969,"e": 0.007110292716037122, "f": 0.9999646978055186, "g": 0.004477374253991329, "h": 0.2262379008774186,"i": -0.003927720693731822, "j": -0.004449525229116151, "k": 0.9999823872125886, "l": 0.5205374361653466},
    {"a": 0.9999643489243669, "b": -0.007284291036139414, "c": 0.004270829470736979, "d": -27.37145523747393,"e": 0.007264756338194827, "f": 0.9999631603385837, "g": 0.00457179188272699, "h": 0.223178470100187,"i": -0.004303974397455753, "j": -0.004540602357961914, "k": 0.999980429175798, "l": 0.5365461502337137},
    {"a": 0.9999621899376023, "b": -0.007461188926789744, "c": 0.004466470081889791, "d": -27.621577137733585,"e": 0.007440127476755762, "f": 0.9999612122696985, "g": 0.0047136460668723915, "h": 0.21924847981069465,"i": -0.004501466241491811, "j": -0.004680236736840109, "k": 0.9999789158706113, "l": 0.5468515540372658},
    {"a": 0.999960774476259, "b": -0.007595696663366228, "c": 0.00455575471661091, "d": -27.872442062734333,"e": 0.007573710608593573, "f": 0.999959683213754, "g": 0.004823987423871214, "h": 0.2168156092015683,"i": -0.004592212588401432, "j": -0.004789294232610647, "k": 0.9999779868798593, "l": 0.5541957689516718},
    {"a": 0.9999635190740455, "b": -0.0075046927657973755, "c": 0.004079228792527458, "d": -28.127275631060407,"e": 0.007485225939782137, "f": 0.9999606242867227, "g": 0.004766683200888455, "h": 0.22279121072570268,"i": -0.004114840662918687, "j": -0.004735975358699423, "k": 0.9999803191181915, "l": 0.5451590706022243},
    {"a": 0.9999660283167218, "b": -0.007413686748011514, "c": 0.003602701942127875, "d": -28.3821060012968,"e": 0.007396686520136955, "f": 0.9999615546562812, "g": 0.004709377656997736, "h": 0.22881305340454616,"i": -0.0036374772857404587, "j": -0.004682569614620127, "k": 0.9999824209958894, "l": 0.5358800936204045},
    {"a": 0.9999630437416936, "b": -0.007452109564601534, "c": 0.0042868652748326635, "d": -28.638228755088786,"e": 0.0074326748307492856, "f": 0.9999621085283735, "g": 0.004531760402905211, "h": 0.23114253425384584,"i": -0.004320474014241709, "j": -0.004499730050366117, "k": 0.9999805427775912, "l": 0.5603077486835982},
    {"a": 0.9999564111969758, "b": -0.007548898920393501, "c": 0.00549452738225218, "d": -28.89488957139123,"e": 0.007525317614692073, "f": 0.9999624396256722, "g": 0.004299875890277747, "h": 0.23173759283726586,"i": -0.005526780334212892, "j": -0.004258340400140467, "k": 0.9999756603218769, "l": 0.6005344372117132},
    {"a": 0.9999497925249734, "b": -0.007627194088266639, "c": 0.006499102984446967, "d": -29.151580799426597,"e": 0.007600498873598798, "f": 0.9999626185465029, "g": 0.004122369038961067, "h": 0.23296953532703926,"i": -0.006530302147294599, "j": -0.0040727656403078015, "k": 0.9999703834283814, "l": 0.6351024825826032},
    {"a": 0.9999494874692298, "b": -0.007619166172064939, "c": 0.006555212953632181, "d": -29.408648811752688,"e": 0.007591738603841668, "f": 0.9999623669009812, "g": 0.004198843502536634, "h": 0.23745979042470325,"i": -0.006586957947030328, "j": -0.004148865945088519, "k": 0.9999696989891115, "l": 0.6406132005377018},
    {"a": 0.9999491792007313, "b": -0.007611138237287829, "c": 0.006611322902178549, "d": -29.665716223481454,"e": 0.007582969712281768, "f": 0.9999621093958688, "g": 0.004275317872073487, "h": 0.24195514019293457,"i": -0.006643612430492377, "j": -0.004224967135676765, "k": 0.9999690055529602, "l": 0.6461520677570827},
    {"a": 0.9999490022872604, "b": -0.007661949335619061, "c": 0.006579312812931572, "d": -29.924562415966818,"e": 0.007633241581110274, "f": 0.9999612851685825, "g": 0.004377417841685095, "h": 0.24222492790876315,"i": -0.006612597649669005, "j": -0.004326973119248663, "k": 0.999968774940472, "l": 0.6506878263391217},
    {"a": 0.9999488825159736, "b": -0.0077424705459623495, "c": 0.006502807462980176, "d": -30.184307542027362,"e": 0.007713342790455033, "f": 0.999960160291905, "g": 0.0044924572323604035, "h": 0.2403251601187873,"i": -0.006537331110829599, "j": -0.004442069206187293, "k": 0.9999687651737502, "l": 0.654675031833571},
    {"a": 0.9999494232240326, "b": -0.007807153013849008, "c": 0.006340296187317533, "d": -30.444306128134645,"e": 0.007777958728877855, "f": 0.9999590960091462, "g": 0.00461623944167471, "h": 0.23939544525339881,"i": -0.006376076531569997, "j": -0.004566691405092839, "k": 0.9999692450159026, "l": 0.6560110156961776},
    {"a": 0.9999526534762168, "b": -0.007804493249818275, "c": 0.005812115878615339, "d": -30.705378680972313,"e": 0.007776770791678258, "f": 0.9999583492649508, "g": 0.004777192833487253, "h": 0.24274630447429174,"i": -0.005849157368938836, "j": -0.004731767157010481, "k": 0.9999716984683341, "l": 0.646060648405441},
    {"a": 0.9999556047497912, "b": -0.007801831291912245, "c": 0.005283933948421515, "d": -30.966449182941762,"e": 0.007775752671987645, "f": 0.9999575752935055, "g": 0.004938145756941396, "h": 0.2460940061491801,"i": -0.005322236359165147, "j": -0.004896839963206907, "k": 0.9999738470372669, "l": 0.6358336058756342},
    {"a": 0.9999573330045445, "b": -0.007775841334481415, "c": 0.0049868288500040485, "d": -31.22808049452509,"e": 0.007751225701746162, "f": 0.999957773322008, "g": 0.0049366054138547145, "h": 0.2512276384958187,"i": -0.005025004533217074, "j": -0.0048977407477815964, "k": 0.9999753804294426, "l": 0.6308598334227702},
    {"a": 0.9999585068573562, "b": -0.007738006451602664, "c": 0.004807059367370411, "d": -31.489997146693927,"e": 0.007714678658918167, "f": 0.9999584673599671, "g": 0.0048525548214262085, "h": 0.2572856403753916,"i": -0.004844408818019041, "j": -0.004815268555363211, "k": 0.999976672173878, "l": 0.6285699166568813},
    {"a": 0.9999598719544733, "b": -0.007702176031391841, "c": 0.004575037177410748, "d": -31.752299114791658,"e": 0.007680439000461405, "f": 0.9999592236185475, "g": 0.004749942836691969, "h": 0.2634558121110318,"i": -0.004611435519816893, "j": -0.004714613936803624, "k": 0.9999782533024772, "l": 0.6246963637197356},
    {"a": 0.999962142254337, "b": -0.007675727801005915, "c": 0.004098446149733387, "d": -32.016403455246255,"e": 0.0076570220627208245, "f": 0.9999602853455215, "g": 0.004560454454819148, "h": 0.2700766497129019,"i": -0.004133288188404727, "j": -0.004528899913702908, "k": 0.9999812023204854, "l": 0.6136620252776679},
    {"a": 0.9999641847199354, "b": -0.007649277718368079, "c": 0.0036218541911215204, "d": -32.28050407477287,"e": 0.007633424181614547, "f": 0.9999613120055251, "g": 0.004370964132998942, "h": 0.2767145431764676,"i": -0.0036551487873969207, "j": -0.004343160436329578, "k": 0.9999838882925893, "l": 0.6023785585054539},
